15
5
27217 74924 31157 53671 22660 37316 07959 57666 33206 92725 66219 08226 26707 45600 48767
37262 66163 89178 60968 91098 19937 62103 07562 03500 13864 87746 66209 94122 72784 03593 
16880 09713 76057 30843 92125 41152 74156 98801 64760 00144 86287 66161 23271 46773 53014
90624 65685 68785 32385 90770 24676 68806 25347 16640 30602 98681 11402 57304 68003 16943
52249 30617 91425 92780 82342 30467 19721 84117 96595 55215 79949 70851 29089 89311 19176
27217 74924 31157 53671 22660 37316 07959 57666 33206 92725 66219 08226 26707 45600 48767
37262 66163 89178 60968 91098 19937 62103 07562 03500 13864 87746 66209 94122 72784 03593
16880 09713 76057 30843 92125 41152 74156 98801 64760 00144 86287 66161 23271 46773 53014
90624 65685 68785 32385 90770 24676 68806 25347 16640 30602 98681 11402 57304 68003 16943
52249 30617 91425 92780 82342 30467 19721 84117 96595 55215 79949 70851 29089 89311 19176
27217 74924 31157 53671 22660 37316 07959 57666 33206 92725 66219 08226 26707 45600 48767
37262 66163 89178 60968 91098 19937 62103 07562 03500 13864 87746 66209 94122 72784 03593 
16880 09713 76057 30843 92125 41152 74156 98801 64760 00144 86287 66161 23271 46773 53014
90624 65685 68785 32385 90770 24676 68806 25347 16640 30602 98681 11402 57304 68003 16943
52249 30617 91425 92780 82342 30467 19721 84117 96595 55215 79949 70851 29089 89311 19176
